# log_X log_likelihood tiebreaker accepts tries exceeds visits
0.000000000000000000e+00 -1.797693134862315708e+308 0.000000000000000000e+00 23172 44182 13819 35082
-9.634673076732167551e-01 -1.000000000000000053e+300 8.020335870775394671e-01 17894 41635 16952 49689
-2.008863584001291169e+00 -2.296382609279800653e+08 4.673939757935700046e-01 19061 39627 17525 50855
-3.048650862735550859e+00 -1.585935115415175259e+08 9.495479476640142913e-01 17147 36611 19616 48404
-3.989012390816711662e+00 -1.250874258380461335e+08 9.871094676268394874e-01 17979 39210 17733 53005
-5.047425363060224157e+00 -9.462698963547836244e+07 8.321894792373356609e-01 17368 38211 22657 50255
-5.917787277110338806e+00 -7.054378697831697762e+07 9.132268292827399048e-01 19315 42337 14979 59239
-7.145752756675632256e+00 -3.145206158967147022e+07 6.697932261244967656e-01 16070 35132 16994 44339
-8.121619555512348043e+00 -1.771973368687911332e+07 8.367227888865569341e-02 16320 35795 21046 46993
-8.999446845736637002e+00 -1.142665487912397832e+07 5.907480430028622109e-01 18009 40407 21664 55656
-9.963075456005700659e+00 -7.785575994600074366e+06 3.468744044507804936e-01 18542 42137 19159 57996
-1.103137401481742508e+01 -5.428161778270026669e+06 8.475452752808171342e-01 17574 41029 22185 54497
-1.196610839574854168e+01 -4.185963811879655812e+06 7.296250191172282129e-01 18004 43485 23833 59882
-1.291391423216518852e+01 -3.327671166585467290e+06 8.067417451603832446e-02 19055 46006 25987 63986
-1.384663268227872734e+01 -2.675506821282426827e+06 9.823753862298562067e-01 18752 46768 23170 1457
-1.488815006753462988e+01 -2.151714855335087515e+06 4.339001669596352917e-01 18330 46633 23513 63983
-1.588886199253624731e+01 -1.767862305144688580e+06 3.148943100007570717e-01 18526 48228 23095 530
-1.692309203123834394e+01 -1.452264233617623104e+06 7.880218298289080048e-01 18511 48960 25334 716
-1.789674508172938161e+01 -1.221927651551533258e+06 1.610067695595364945e-01 19447 52159 27298 6254
-1.887367309313970054e+01 -1.034887812361886259e+06 4.057198422000563576e-01 19706 53672 23555 9511
-1.998269618130716552e+01 -8.583979847525991499e+05 4.082516476329152155e-01 18218 50358 21964 2601
-2.107101419034718148e+01 -7.194855465511207003e+05 9.301158513657443727e-01 17108 48308 22537 64503
-2.210531310286168605e+01 -6.190038539789594943e+05 1.524845664822598867e-01 17005 48657 22337 65467
-2.315546094069252092e+01 -5.292225488608308369e+05 9.384207671026387754e-01 15795 46389 23460 62968
-2.414700863776719331e+01 -4.582275389609768754e+05 8.239584764292120500e-01 16253 47956 25696 70
-2.510429462721266347e+01 -4.015366743638159242e+05 5.249305354488417175e-01 17517 52125 29122 6530
-2.603810043233038130e+01 -3.531501948604774079e+05 5.990618744170934651e-01 17964 54220 34069 12052
-2.690922917474003384e+01 -3.166168716206906829e+05 8.502060367071599956e-01 19212 58613 28610 21385
-2.798956678341351534e+01 -2.742370469313891954e+05 4.552115629158204335e-01 17724 55920 27991 13131
-2.901323386933003334e+01 -2.422714066110695712e+05 5.313393173069840686e-02 17770 56160 28175 12853
-3.002974423069911225e+01 -2.161696552022466494e+05 8.127090994418844083e-01 17530 56731 23783 13649
-3.117036812146477942e+01 -1.895744398394413292e+05 2.392189792274468374e-01 15920 52047 17946 4596
-3.240585877764397083e+01 -1.651646308591941488e+05 4.001636481360968389e-01 13034 43334 24308 55499
-3.329127570100347100e+01 -1.510162558570959663e+05 3.283256383087401753e-01 14335 48119 24704 1118
-3.428621673876279630e+01 -1.365674068219080218e+05 9.379002418682655939e-01 14076 47928 21423 1342
-3.537806766228116118e+01 -1.219650685837699857e+05 4.673946853287255232e-01 13403 46219 25528 61857
-3.630054239812367456e+01 -1.116591456592749746e+05 8.440507250358972868e-01 14470 50886 24902 5188
-3.733062863199867820e+01 -1.013591971547957946e+05 3.743084235033524720e-01 13855 49260 23658 2833
-3.837207846862439453e+01 -9.228885721409416874e+04 2.254224157417275554e-01 13418 48019 23411 330
-3.939520095922507181e+01 -8.409287546296349319e+04 1.536352342674213722e-01 13132 46954 22455 64612
-4.043303581353504939e+01 -7.653859556708617311e+04 5.637212467938255145e-01 12892 47008 20116 63772
-4.153318763220512722e+01 -6.950514219980605412e+04 2.961466020513920869e-02 12084 44372 22073 58707
-4.251896784683280117e+01 -6.399675298688847397e+04 9.467492541758736058e-02 12830 46270 24874 62542
-4.346649947434389816e+01 -5.882875990307432221e+04 2.547450081591560306e-02 13468 49418 23266 3060
-4.452138671405349868e+01 -5.382294549524190370e+04 8.956663941952167640e-01 12163 45210 23491 62802
-4.551029495202041630e+01 -4.965426837145796162e+04 8.391002532515349221e-01 12057 44919 23672 62642
-4.649236734101634738e+01 -4.589851112960567843e+04 4.761783063129598759e-01 12551 46516 24379 64458
-4.747369397863242568e+01 -4.233377999552400433e+04 2.017785837807083982e-01 13426 51035 24033 4130
-4.851746172236614285e+01 -3.876279465030320716e+04 1.885870415013282120e-01 13819 52667 23079 5364
-4.960045127262217335e+01 -3.550482365878165001e+04 8.143971145296333702e-01 12792 49167 24745 933
-5.059238039501938289e+01 -3.284869525301508838e+04 1.972587341126373073e-01 13057 50899 17766 4415
-5.183219464000629273e+01 -2.982272736372721556e+04 9.082576449443621747e-02 10633 41698 18670 53783
-5.286834980785434368e+01 -2.759737526217611594e+04 5.109701327619660116e-01 10047 40622 17856 53554
-5.392904936145427541e+01 -2.547618207115168843e+04 4.733315001412954359e-01 9258 36971 16018 49083
-5.500018497239698689e+01 -2.362168144291017234e+04 7.088169911072101925e-01 8795 36151 19694 46478
-5.591369201227774965e+01 -2.239899478250107495e+04 6.913860560102625952e-01 9708 39864 23913 53728
-5.678962247480508552e+01 -2.133253805274422484e+04 4.698771125576621799e-01 10827 44531 25670 62670
-5.771694282936228149e+01 -2.021115367288786365e+04 5.839546704650246944e-01 10683 45764 24998 187
-5.869430703770832025e+01 -1.910254871861527499e+04 9.097038721243180248e-01 11070 46533 22789 257
-5.973458891450448505e+01 -1.794807733128342807e+04 6.901747117597307746e-01 10137 43668 16741 60649
-6.091384263142326461e+01 -1.663575398162786587e+04 1.437559337349878508e-01 8240 35635 12729 46547
-6.207968780445472845e+01 -1.554190405583972097e+04 6.941965800820331101e-01 6959 30680 15544 37691
-6.301594617649961805e+01 -1.481883369034375937e+04 5.905500469138214026e-01 7615 33387 18304 43193
-6.393186660707397095e+01 -1.419135057776542817e+04 4.737082539170813789e-01 7335 32000 20180 44519
-6.480457584972160134e+01 -1.360113386866103610e+04 7.099710401924603786e-01 8423 36900 20020 51318
-6.576785772977240185e+01 -1.294440947039490129e+04 9.595438698249352250e-01 8667 38331 18863 52575
-6.678341874921176213e+01 -1.231959677320557421e+04 3.625861011447192861e-01 8448 36880 19427 50011
-6.774972882905599647e+01 -1.177029963893107197e+04 6.654136610777009464e-01 8376 37219 19511 50877
-6.872389070365252906e+01 -1.121055299472466504e+04 9.710357069422784759e-01 8491 38375 18414 52138
-6.974908066257128780e+01 -1.063463595826909659e+04 1.251325518765497857e-01 7645 34579 19714 47297
-7.067238143411736928e+01 -1.022651706164758616e+04 7.431200024881353672e-01 8155 36824 23076 50823
-7.153751140800230246e+01 -9.878772708985330610e+03 8.089846548012882277e-01 9260 42637 18607 59936
-7.264531574045652462e+01 -9.383505172578492420e+03 7.857464222891913375e-01 9321 42336 20961 55203
-7.362507954912484820e+01 -9.012420046290284517e+03 4.810741736255833012e-01 8928 41404 22561 56628
-7.457320060739225198e+01 -8.701817351445009990e+03 6.542610829760483471e-01 9449 43162 22400 60046
-7.556404086056093661e+01 -8.376035777613307800e+03 8.246205019597900587e-02 9544 43959 20508 60566
-7.661773575331082498e+01 -8.029065627859594315e+03 8.501095847695249175e-01 9169 42426 21986 57203
-7.758931002255464193e+01 -7.744719642873626071e+03 8.134056602684576476e-02 9812 45326 21975 61583
-7.860934476686894357e+01 -7.478793501207332156e+03 1.874644851062299278e-01 9547 44156 23975 60293
-7.955763632181430012e+01 -7.257692493780130462e+03 7.881882012231357093e-01 9621 45160 22292 63457
-8.058818977419943508e+01 -7.020216961634203471e+03 7.317889573726097385e-01 8988 41774 24499 58407
-8.150114039937052723e+01 -6.818572819492430426e+03 5.635600971473330167e-01 9606 44978 27136 63699
-8.240076742566441226e+01 -6.616809467697050422e+03 7.463938069983596657e-01 10027 47436 24697 3280
-8.341766189756889105e+01 -6.401114487205329169e+03 1.647180688400185500e-01 9926 47720 21385 1055
-8.450774508511767635e+01 -6.191254689931684879e+03 7.811836737220385629e-01 9247 45241 27003 60833
-8.538028047438045576e+01 -6.044220129246589750e+03 6.106149342400383206e-01 9862 48234 23744 4012
-8.643101848750812621e+01 -5.878807115177932246e+03 7.427108259594570328e-01 9260 45451 23655 63364
-8.742120266543642515e+01 -5.735896473251571479e+03 5.552926079346962585e-01 9734 48192 25882 565
-8.837859652751163253e+01 -5.611285709291936655e+03 3.899695731084699690e-01 9816 48162 26093 2632
-8.935131277515662873e+01 -5.503720408057793065e+03 5.379462329514932417e-01 9833 49603 25394 4341
-9.035971208491702100e+01 -5.390645010847135381e+03 9.644127384402515490e-01 9797 48713 18966 2845
-9.154394220675810345e+01 -5.269939742735885375e+03 1.635726752032014286e-01 7833 40173 17926 53421
-9.260070812043819899e+01 -5.171210909434672431e+03 2.028489510813596616e-02 7057 36665 19889 48832
-9.353770534328330655e+01 -5.088879811870604499e+03 6.035113420102593274e-03 7080 36838 18701 50913
-9.453865583454914656e+01 -4.990093722099063598e+03 3.117118203789958630e-01 6533 34110 16317 47000
-9.557288719921250220e+01 -4.892453980041589602e+03 4.717524294781352268e-01 5846 30496 12304 41013
-9.668290522334152115e+01 -4.773921990864191685e+03 2.607979507606010272e-01 4976 26648 13702 33222
-9.762269946641350771e+01 -4.689202980697030398e+03 1.843259899305837446e-01 4894 26217 12856 34234
-9.861194255209299797e+01 -4.601708541110318038e+03 5.892465734904135388e-01 4781 25317 13363 32424
-9.955282496712973739e+01 -4.515636080785245213e+03 8.033658753682004772e-02 4824 25734 14166 33318
-1.004759497584485217e+02 -4.435270239595423845e+03 3.136085014163665918e-01 5022 26483 12555 34849
-1.014868554184374148e+02 -4.342536313152819275e+03 3.107289583599813221e-01 4727 25943 9666 32740
-1.025927147627995026e+02 -4.249163297629036606e+03 7.693499147409141870e-01 3997 21434 14201 25323
-1.033831059592413624e+02 -4.200772098006720626e+03 4.469664000186486796e-01 4770 26660 15223 35072
-1.042927285772192931e+02 -4.146803298566135709e+03 8.502664972192642834e-01 4951 26447 14084 35827
-1.052569448279337365e+02 -4.081939493716405195e+03 2.937456011657748611e-01 4852 26915 16541 35267
-1.061215768197769052e+02 -4.034718372929631187e+03 7.679348881834958673e-01 5200 28612 18560 39367
-1.069764888740151747e+02 -3.987767419501439690e+03 8.833289353502560282e-02 5881 32470 21123 45231
-1.078292946740056095e+02 -3.938570126416706444e+03 4.661902269978899227e-01 6491 36700 23969 52084
-1.086842011667923771e+02 -3.894807082577326128e+03 3.355967775002188097e-02 7586 42647 25860 60894
-1.095874262883268671e+02 -3.848251358715078823e+03 6.149282761418232157e-01 8182 46070 23785 618
-1.106028829081088531e+02 -3.798441778261721083e+03 7.257355470519293306e-01 8186 47532 21805 43
-1.116699684269729431e+02 -3.752796044966970840e+03 4.598497201711311266e-01 7643 43502 20306 59527
-1.127186335032534146e+02 -3.711076436206857579e+03 6.827070650152220477e-01 7280 43206 22237 57756
-1.136889759324306652e+02 -3.680230195954622104e+03 1.228245810223747014e-01 7450 43724 24561 60215
-1.146200955275014053e+02 -3.648940278781534289e+03 9.208230394483364611e-02 7907 45854 21700 64596
-1.156801615699036176e+02 -3.611779617381198477e+03 1.604716008637337987e-01 7803 45887 26529 61841
-1.165758847568630188e+02 -3.583439000943636529e+03 9.895489440918669999e-01 8477 49296 21068 4546
-1.177105431728288352e+02 -3.545207901683581440e+03 5.042371808145117429e-01 7337 43198 15529 58520
-1.189101073587803086e+02 -3.509759228729864844e+03 1.670403282215844332e-01 6110 36992 20529 46911
-1.198028380438705227e+02 -3.488506073155141621e+03 3.454233614050449680e-02 7022 41557 18880 56329
-1.208614623200547555e+02 -3.464852224669746192e+03 8.264807703099776859e-01 6401 38644 22185 51695
-1.217631192502453530e+02 -3.446870149496859085e+03 2.480545124716783678e-01 6941 41920 21097 58356
-1.227743898007975787e+02 -3.425740170779448817e+03 8.491529052896126251e-01 7149 41944 17537 57317
-1.238891968894066622e+02 -3.403415387747902059e+03 2.346233042479752839e-01 6414 38791 19682 50567
-1.248541184741085743e+02 -3.388607357136480005e+03 6.971936460047990503e-01 6232 37730 18835 51604
-1.258589985738365868e+02 -3.371904964639229547e+03 1.671997051065093054e-01 6280 37944 19081 51036
-1.268489888856535543e+02 -3.357111820647020977e+03 2.109250761912753458e-01 6102 37559 18716 50875
-1.278489844891222589e+02 -3.343324960228877444e+03 4.816066220157801392e-01 6144 37816 17653 50770
-1.288833603901809397e+02 -3.329074948380081423e+03 5.972907631742119250e-01 5856 37163 19700 49046
-1.298290278302695526e+02 -3.317562897345135752e+03 4.633370440686476743e-01 6205 39053 25393 53024
-1.306558830555023576e+02 -3.308722821016078797e+03 5.601368455452443440e-01 7242 45964 24513 7
-1.316447250121113086e+02 -3.297446663219776838e+03 9.967638952708341993e-01 7407 47185 20942 458
-1.327422187344042754e+02 -3.285821864217297843e+03 4.147433299717085409e-01 6953 43212 18441 58341
-1.338379534152378483e+02 -3.274059784099586523e+03 5.762257586337861115e-01 5912 38121 13756 50667
-1.350138715510269947e+02 -3.260586449858974447e+03 4.017691155263832248e-01 5077 31792 14914 39814
-1.360037535955640351e+02 -3.250006174713576911e+03 3.778178090390147403e-01 4769 29837 17548 38962
-1.368870364050142712e+02 -3.240183811367700400e+03 1.945982301403833825e-01 5343 32869 17456 44596
-1.378502710874571449e+02 -3.227642955960844120e+03 1.743168638868764497e-01 5786 35362 20278 47111
-1.387533800683422669e+02 -3.215428583324379815e+03 8.932882105876220891e-01 6415 39243 28430 53771
-1.395101888945360997e+02 -3.206595707243288871e+03 6.358516340621253038e-01 7591 46675 34729 3760
-1.402880152371427300e+02 -3.197395603207497970e+03 3.679952936593373636e-01 8749 54398 23827 17830
-1.414644353515039086e+02 -3.183781767255936302e+03 2.546562547974273727e-01 7440 46870 21696 64950
-1.425282937957796037e+02 -3.172399913442971865e+03 4.293524505957473369e-01 7346 46290 21864 62217
-1.435584159626579321e+02 -3.161436274566340671e+03 3.813941888498630917e-01 8013 49815 19000 396
-1.447167414422822844e+02 -3.149482737924244248e+03 4.243088632578413399e-01 6608 41940 18030 55154
-1.457901682287874223e+02 -3.138074903585582433e+03 5.067196587562258214e-01 6544 40886 21361 53159
-1.467339114266434592e+02 -3.129725843679753780e+03 5.611493651811508832e-01 6546 41727 21498 57290
-1.477210866172102897e+02 -3.120522860368131660e+03 1.446246602354415989e-01 6512 40590 18844 56345
-1.487810733146213806e+02 -3.110698892475129014e+03 8.981222507965207491e-01 5958 37252 16711 50349
-1.498430205206302332e+02 -3.100359723205539012e+03 9.578423719613759612e-04 4991 32788 15792 43677
-1.508530293174300709e+02 -3.092867835204728181e+03 7.091018486316290614e-01 4644 30572 15292 40590
-1.518395772232505863e+02 -3.086146987982056544e+03 1.130298967604662363e-01 4642 30672 17996 40130
-1.527240365160780300e+02 -3.080270724798768242e+03 3.520668489599363404e-01 5013 33149 19041 45393
-1.536446186056018917e+02 -3.074067405117355065e+03 7.638591445056190921e-01 5408 36136 25792 49491
-1.544181206833333704e+02 -3.069678201884861664e+03 4.252886853378903820e-01 6518 42698 23001 62668
-1.554196575479091678e+02 -3.062707038334352546e+03 5.583613936344633544e-01 5779 39399 21314 56715
-1.564059138439389756e+02 -3.056566944483374755e+03 7.690377094823039883e-01 5811 39477 21421 55099
-1.573704647933348610e+02 -3.050449938012070561e+03 7.200510111961435644e-01 6155 41933 23087 57614
-1.583144310387665143e+02 -3.044921949815317930e+03 6.049026680059268468e-01 6541 44091 23952 61407
-1.592754157587222892e+02 -3.039292526040714165e+03 3.946496729545007076e-01 6665 43858 21867 62014
-1.603032827466461754e+02 -3.032316880865349958e+03 4.514843783515120057e-01 6360 41642 14647 57727
-1.615270214181334438e+02 -3.023399097686902678e+03 9.441549502851145359e-01 5065 32838 16617 41802
-1.624821758557651776e+02 -3.017414813957053866e+03 1.162057446687678186e-01 5098 34881 14475 45738
-1.635684007206604065e+02 -3.010615994900763326e+03 2.121046718097385764e-01 4329 28730 12612 37401
-1.646146266407033352e+02 -3.004589820250312187e+03 7.821308623131113524e-01 4163 27313 14219 34172
-1.655487640848468800e+02 -2.999041946986380026e+03 1.333110846946710670e-01 4340 29078 20269 37601
-1.663234259351367541e+02 -2.994833342717706728e+03 1.301631179928743054e-01 5347 35894 23263 50353
-1.671774656501785046e+02 -2.989666067137342907e+03 5.837262828169518247e-01 5960 40852 29231 58348
-1.679666904037778181e+02 -2.985323224636717896e+03 3.585521193324809341e-01 7374 49864 29529 7828
-1.689029998779091954e+02 -2.979266411386043274e+03 6.526751897985376694e-01 7911 54137 33026 12413
-1.698005148901629582e+02 -2.974030447166828708e+03 2.173011206314116317e-01 8428 58737 31211 20447
-1.708102788764940954e+02 -2.967899034775989549e+03 6.923662753314303586e-01 8554 58878 30345 18720
-1.718256691248582513e+02 -2.961765177612953266e+03 8.668728926927518064e-01 8936 60894 34618 19950
-1.727546808160141154e+02 -2.956637018508356960e+03 5.313534091034801676e-01 9603 421 28545 29270
-1.739010321270957604e+02 -2.950054016000943193e+03 7.826331380526723169e-01 9323 63598 29014 20902
-1.749672980054628795e+02 -2.943788713410813216e+03 2.632272282604450897e-01 8567 59471 31820 17177
-1.759347489209490902e+02 -2.939117524080828389e+03 5.473517237303262561e-01 8612 59588 35189 20136
-1.768530775590882342e+02 -2.934742560391025563e+03 5.149803589511791069e-01 9370 64693 24182 28583
-1.781089326581717955e+02 -2.927946360354159879e+03 5.245841861525057936e-01 8317 57432 30472 10310
-1.790459573009075029e+02 -2.923282625223790092e+03 1.585157697082913708e-01 8661 59687 35867 18788
-1.799383503934787996e+02 -2.919121802096157808e+03 3.771873750766734368e-01 9550 561 35406 30698
-1.809382762001166611e+02 -2.914726664666332908e+03 2.664465869924414476e-01 10315 6333 42193 35986
-1.818439492727960101e+02 -2.910877688893581762e+03 6.930504356817790423e-02 11790 16080 35856 52532
-1.829920158941740453e+02 -2.905537489353875571e+03 1.826788402707220094e-01 11446 15613 33818 45699
-1.841372233602248798e+02 -2.900375425354791787e+03 8.646582327481645569e-01 10888 11933 28791 40002
-1.853589457495589556e+02 -2.894989406039363075e+03 1.519845949445798039e-01 9910 4327 35407 27296
-1.863318818365924869e+02 -2.890799102712337117e+03 8.209522492025604912e-01 10857 11185 42463 40827
-1.872682650271844977e+02 -2.887097366793789206e+03 5.124310266098328626e-01 12127 20295 41571 56972
-1.883319262748752863e+02 -2.882716335942647220e+03 5.207369943964156311e-01 12859 24363 35491 60126
-1.895371951619926847e+02 -2.877687954427417480e+03 6.362434590337679996e-01 11560 16051 33360 45691
-1.906924745081431922e+02 -2.872898772519118211e+03 6.711951204334086762e-01 10671 8708 27586 36292
-1.919170379268660440e+02 -2.867520833299567130e+03 5.535088566929534382e-02 9483 65028 35344 21341
-1.928422825468743156e+02 -2.863239278759816898e+03 5.568229683229968252e-01 9474 64970 24649 29018
-1.940886362474348061e+02 -2.857732328428462552e+03 8.724825960482829323e-01 7917 54569 23652 7836
-1.951790791368592863e+02 -2.853200829480384073e+03 2.303389028727922394e-01 7689 52232 25196 4608
-1.961954673463103234e+02 -2.849157779659551124e+03 8.275946802595594010e-01 7312 51054 24514 4915
-1.972335593170483605e+02 -2.845222396036033842e+03 5.614483498397703221e-01 6995 47035 26490 285
-1.981720069389513696e+02 -2.841579480641955797e+03 4.339779464042337054e-01 7021 47369 24504 2531
-1.991867426917645219e+02 -2.837370570982599929e+03 2.649950931953604094e-01 6513 44298 20496 63103
-2.002679589948175760e+02 -2.832469276782538145e+03 6.102016942169363745e-01 6259 42099 15193 56873
-2.014615303618982693e+02 -2.826860139445432651e+03 9.391724046459586361e-01 5396 35525 14875 44920
-2.025219202403495444e+02 -2.821833315332891289e+03 8.106846538451351059e-01 5060 33722 20063 42746
-2.033747528518302374e+02 -2.818481331480768858e+03 9.918787607951919105e-02 5528 37599 24567 51876
-2.042105141006321389e+02 -2.815048093377710757e+03 3.044047329371426525e-01 6003 40682 21345 59463
-2.052264640269256404e+02 -2.810524078566284970e+03 9.112661431334146966e-01 6352 41511 23620 57179
-2.061503089321583673e+02 -2.806236618616899250e+03 2.055182170500713390e-02 6509 43133 21713 61090
-2.071728665113473369e+02 -2.801009410076382665e+03 3.761683845705903195e-01 6089 41066 25574 57000
-2.080407474802419756e+02 -2.796783811334508755e+03 5.586391527546413771e-01 6999 45379 24944 65192
-2.090141171765825732e+02 -2.791533456827127338e+03 5.159221845167550891e-01 7026 45410 24743 64608
-2.099869468187731627e+02 -2.785899697821312657e+03 3.953779547541240724e-01 7094 45665 23391 64689
-2.109984934271842860e+02 -2.779810843069941711e+03 6.824361708687796124e-01 6858 43844 15138 61437
-2.122444047896132417e+02 -2.772317749799911326e+03 4.495382757505970162e-01 5715 36767 14693 46135
-2.133274331458380573e+02 -2.766362731965365583e+03 2.457655846637652464e-01 5025 32174 9749 41140
-2.145520736261769912e+02 -2.759404759740207737e+03 9.524422828874145042e-01 3815 25254 13177 29290
-2.154502536549339595e+02 -2.755146774512242700e+03 3.172231151764539625e-01 4514 30387 17982 37834
-2.163026632978765633e+02 -2.751592428168336028e+03 8.714724695870480486e-01 4872 33174 14101 45397
-2.173988991157127089e+02 -2.746300539312128421e+03 8.966750534021671326e-01 4386 29458 17118 37775
-2.182800672945716371e+02 -2.742847757662133517e+03 1.540611059401098548e-01 4838 31803 15147 43169
-2.193071063861534924e+02 -2.738842092765609777e+03 7.649632128536115738e-01 4958 32542 18475 41933
-2.202003461150697490e+02 -2.735315266295508081e+03 5.015480776897432991e-01 5500 36584 23162 49297
-2.210443186659207413e+02 -2.731999639600511728e+03 2.512944987535403740e-01 6077 39810 20923 57235
-2.220483827478165040e+02 -2.727705931995878018e+03 8.540301606267001189e-01 6000 39734 27339 54917
-2.228461323402291328e+02 -2.724306830377326605e+03 1.355133425607937814e-01 7472 48928 39742 5003
-2.235335290386798022e+02 -2.721364812294780677e+03 3.440788455065346696e-01 9369 62155 34464 30636
-2.245531989437110383e+02 -2.716756412217986508e+03 7.615910117226225573e-01 9427 63068 26130 26256
-2.257374114975069972e+02 -2.710890139273122259e+03 9.841499110874359912e-01 8608 57342 33253 12211
-2.266280111769478935e+02 -2.706912110517347173e+03 8.195252929574881051e-01 9698 64222 35427 26153
-2.275912956348012699e+02 -2.702605611413115639e+03 5.789139671543255261e-01 10408 3018 32596 32666
-2.286680927471227278e+02 -2.698112045170703823e+03 1.455204268270549051e-02 9933 624 34177 27455
-2.296688014471392592e+02 -2.693956894574368107e+03 6.321948892069767512e-01 9684 64439 29162 27282
-2.307840635428444216e+02 -2.689100772085982499e+03 2.777787369205257373e-01 9125 60936 38090 18781
-2.316306584477559909e+02 -2.685520085862973247e+03 7.307789164425265716e-01 9899 1550 30229 33869
-2.327716813632497974e+02 -2.681004342487572558e+03 8.939291744245109195e-01 9126 60967 29662 19867
-2.338133254965686092e+02 -2.677003140204221381e+03 6.181678480587913249e-01 8578 58456 23666 16801
-2.349853072253752373e+02 -2.673182914121393878e+03 5.655145373811905074e-01 7260 49501 18039 1850
-2.361903012196813734e+02 -2.668928535334626758e+03 8.115878969203524917e-01 6526 44189 23455 56424
-2.371102990480757740e+02 -2.666025361758338931e+03 1.309160681633314560e-02 7275 49423 28799 1646
-2.380038135173327589e+02 -2.663237682103056159e+03 7.261451080249955448e-01 7633 52468 35283 9873
-2.388285714770033508e+02 -2.660965084917478634e+03 9.498431872062813586e-01 9137 63047 40128 27031
-2.397037374889801526e+02 -2.658293178930251997e+03 6.071748695059429879e-02 10082 4889 36544 39250
-2.407445044178405738e+02 -2.655287593989544803e+03 5.546060914762545035e-01 10481 6194 40655 37036
-2.416870224322194076e+02 -2.652472459436914505e+03 1.772595869964409265e-02 10793 9571 31662 44448
-2.428720318975765906e+02 -2.648972756591779671e+03 8.219768689865833977e-01 9354 791 24501 26720
-2.441040925414802416e+02 -2.645107297292392104e+03 5.581706430983610634e-01 7328 51431 28433 4618
-2.450363366782877961e+02 -2.642609016654084371e+03 3.130547400052763329e-01 7347 52462 19327 9553
-2.462737621722233143e+02 -2.639160542587938380e+03 7.607623208077001209e-01 5592 41303 11845 54909
-2.475781975264514472e+02 -2.635698033462458625e+03 5.335196245246589530e-01 3897 28609 9832 34703
-2.487063368259606193e+02 -2.632916745153520424e+03 8.580297683436575173e-01 3184 23216 11563 27322
-2.496389412086911648e+02 -2.630911832116583355e+03 5.061863921703479985e-01 3454 24569 14347 30409
-2.505092452362656843e+02 -2.628740632910021304e+03 4.825507555961987549e-01 3548 25572 15077 34205
-2.514112341644267588e+02 -2.626352224270889565e+03 7.159392112807904107e-01 3978 27979 16705 37310
-2.523001480624751878e+02 -2.623835885865391901e+03 5.939776874796551254e-02 4445 31968 15751 42887
-2.533011060285926703e+02 -2.621453845075721347e+03 3.584576976801332471e-01 4471 33020 17759 43007
-2.542329098244102568e+02 -2.619318194847679479e+03 5.472496647594655705e-01 4882 34313 23157 46283
-2.550390675653789856e+02 -2.617472360523840052e+03 7.076679951142019753e-01 5028 36520 19865 53888
-2.560377741848444089e+02 -2.615288065560918767e+03 6.671393638031177797e-01 4940 35660 14006 49822
-2.571935719585094375e+02 -2.612529757965141471e+03 7.380062392490134293e-01 3847 27928 14203 36201
-2.581587012215735513e+02 -2.610721292974386870e+03 6.555319867458359040e-02 3619 26438 11403 34903
-2.592192171958457152e+02 -2.608588215583049532e+03 8.609700310025059089e-01 3158 23968 13684 29574
-2.601018196112788701e+02 -2.606903502533080427e+03 3.988000365184873885e-05 3552 25797 13267 33745
-2.610669659907812274e+02 -2.604673192313388427e+03 3.311381173154179791e-01 3521 25512 12695 33061
-2.620448330162180355e+02 -2.601970469737148960e+03 2.836646523165591294e-01 3354 23890 12232 30855
-2.630072150480244204e+02 -2.599120517435535930e+03 5.998784720904173362e-01 3164 22899 14373 29283
-2.638581998224979657e+02 -2.596826269631392279e+03 5.140596257682229497e-01 3862 27432 13361 36044
-2.648541445161958450e+02 -2.593763893157363782e+03 6.782916145677451158e-01 3569 26029 16131 33649
-2.657089491179381184e+02 -2.591415671179970104e+03 4.050174036078233453e-01 3981 28986 16534 39363
-2.666332636539514169e+02 -2.589203778028533634e+03 4.592931460914684294e-01 3885 28449 14417 39199
-2.676333982400273044e+02 -2.586709484290827731e+03 9.900618951984566096e-02 3780 28768 14003 37450
-2.686245468007037402e+02 -2.584686661996645853e+03 5.645075882815216994e-01 3803 28468 15019 36782
-2.695671107684050298e+02 -2.582657684893021269e+03 3.234666602714690309e-01 4012 29368 18049 38653
-2.704289832642170381e+02 -2.580804213162625274e+03 2.392651940289725054e-01 4402 33788 17583 46050
-2.714067587273938216e+02 -2.578793247149681520e+03 3.398316084333998788e-01 4754 36021 17412 47845
-2.724132513357516245e+02 -2.576846769404176484e+03 2.583815747416871034e-01 4676 34634 19940 46267
-2.733162310963645041e+02 -2.575218527313195409e+03 7.255499727343721617e-01 4831 35994 15471 50180
-2.744208483833981518e+02 -2.573044860831834285e+03 9.527476918068989997e-01 4289 32918 17659 42592
-2.753504838967738237e+02 -2.571371777033340550e+03 4.651506099384620785e-01 4550 34726 18076 46614
-2.763187609492972570e+02 -2.569630870482902537e+03 6.834130312492920911e-01 4685 34520 16807 46814
-2.773332444073623719e+02 -2.567753405117809507e+03 8.417874308925297200e-01 4533 34160 21354 45215
-2.781788146208588728e+02 -2.566258105727007660e+03 2.324884961354719559e-01 4936 36782 16801 52372
-2.792619714331080445e+02 -2.563951432216924331e+03 4.988169647779217009e-02 4643 35423 24829 46511
-2.800241110183121691e+02 -2.562758224560564940e+03 9.948713493430121346e-01 5849 44189 29148 63229
-2.808681999187823521e+02 -2.561394534305009074e+03 6.089001722664590943e-01 6425 48963 18855 6782
-2.820946778198223228e+02 -2.559343876193931919e+03 7.479222297550900400e-01 5300 41045 24482 54111
-2.829592050267007721e+02 -2.558086538308396484e+03 8.977013966968412362e-01 6194 47903 20579 1044
-2.840738899564622102e+02 -2.556154526041751978e+03 8.641949405353712699e-01 6195 47985 19819 62806
-2.851732623608378390e+02 -2.554545164792675678e+03 3.817753608535562893e-01 5796 44542 18981 58642
-2.862545409163333261e+02 -2.552945375272442107e+03 6.080231715352364397e-01 5539 42793 23024 56054
-2.871826869778516311e+02 -2.551812960379495962e+03 9.402843945984926677e-01 6073 46985 24343 64236
-2.881627005319025443e+02 -2.550369461699188832e+03 1.770888548615249525e-01 6500 49532 19632 2583
-2.893227754202680444e+02 -2.548454220510811865e+03 6.959356132158859287e-01 5993 47182 23750 61040
-2.902855000402833525e+02 -2.547060967019401687e+03 1.437534612304585124e-01 6845 52920 33104 5370
-2.911148332018849487e+02 -2.545970163994590621e+03 1.541652297928640392e-01 7655 60047 27495 21845
-2.922271414426830916e+02 -2.544417314421595165e+03 6.480501365587233442e-01 7662 59629 38887 15830
-2.930320521070387940e+02 -2.543396673672258657e+03 2.412430412821140457e-01 8968 3392 36371 36479
-2.940558931917691439e+02 -2.541992269497744019e+03 9.629021376332570492e-01 8645 1939 41181 32532
-2.949542622874436120e+02 -2.540872789955701592e+03 3.146578125708112683e-01 9427 8661 34752 44067
-2.960676387153317819e+02 -2.539528741833964887e+03 5.771374358034784269e-01 9012 4922 33496 33900
-2.971337517788250580e+02 -2.538362187899224864e+03 1.092180683192646162e-01 8995 4537 34722 32315
-2.981608931775737119e+02 -2.537187636211902827e+03 1.533858305605715344e-01 8400 2522 29016 31537
-2.993133621471253036e+02 -2.536011680470391184e+03 5.517005284562214174e-01 7766 61810 35272 19519
-3.002246455166531405e+02 -2.535036348586753320e+03 1.862453685042240181e-01 8372 380 27119 29834
-3.014115850820357991e+02 -2.533820573543596765e+03 8.793116419413110618e-01 7142 57916 24120 13760
-3.025437397491601814e+02 -2.532652603078879110e+03 6.109148207101457867e-02 6568 52146 25432 4961
-3.035572031630874790e+02 -2.531564045824404730e+03 2.562218926859793910e-01 6177 48846 16052 3038
-3.048434376576208820e+02 -2.530071657691059045e+03 5.457880583855150292e-01 4619 36439 10187 46709
-3.061215502796081296e+02 -2.528537683288624521e+03 1.976865752735545989e-01 3437 27526 14308 31923
-3.070174706411830812e+02 -2.527703285374813277e+03 3.802666041869271485e-01 3831 30687 20267 39287
-3.078162593727579406e+02 -2.527022725769524186e+03 5.796455843454908496e-01 4301 35052 18250 49564
-3.088157096338940164e+02 -2.526111571360428570e+03 3.864121374483069360e-01 4134 33140 22893 45598
-3.096206530374053045e+02 -2.525460929895438312e+03 8.767965943308213550e-01 4554 36448 23184 53656
-3.105164613684714823e+02 -2.524607055603670233e+03 3.387315630686758006e-01 5079 40459 18108 57948
-3.116189524318303938e+02 -2.523414404693137840e+03 1.880177437755887471e-01 4630 36359 16792 48717
-3.126579356297576737e+02 -2.522361984699412460e+03 7.749077079904251875e-01 4492 35065 18011 46060
-3.136212966328519087e+02 -2.521356146920586070e+03 9.434423127621682781e-01 4514 35706 20305 47866
-3.145331035559581210e+02 -2.520423080713490435e+03 1.089900527835174771e-01 4811 38708 23616 53334
-3.154127974970898549e+02 -2.519553223480314045e+03 9.139230037128029949e-01 5212 42090 21358 59995
-3.164341770073625639e+02 -2.518657519932048217e+03 9.080373667696690632e-01 5244 42606 24712 58235
-3.173393375796273972e+02 -2.517941876960950594e+03 2.476613294072604887e-02 5838 48666 32065 1995
-3.181586974416981093e+02 -2.517274825793587297e+03 2.470377838068639198e-01 7176 57886 27199 18672
-3.192515742365119991e+02 -2.516298939952277578e+03 6.281413258251422604e-01 7368 58794 29956 14718
-3.202411276301119756e+02 -2.515398742899161334e+03 4.274901044938095133e-03 7691 62583 30527 21245
-3.212737478008209564e+02 -2.514507619321297170e+03 3.410640894459183170e-01 8492 1985 43098 26768
-3.220910006084976089e+02 -2.513726749757407561e+03 4.093647907081816584e-01 9887 15576 27122 52899
-3.234447538912506275e+02 -2.512292330257487265e+03 6.558217326896620403e-01 8755 7126 23647 28506
-3.247150469663811236e+02 -2.511055851757806522e+03 9.761646327167122772e-01 7703 61500 19125 13883
-3.259987936249721088e+02 -2.509643008202342571e+03 5.556486468698151882e-01 6532 51432 19717 64829
-3.271226117957643282e+02 -2.508526983823806404e+03 7.109234621053128755e-01 5476 45106 16457 59083
-3.282948076577392840e+02 -2.507468748702014636e+03 5.547906287014860993e-01 4925 39522 15701 50247
-3.293917936563208286e+02 -2.506527956606219050e+03 9.021460991765640758e-01 4655 36998 14149 46980
-3.305065109806956229e+02 -2.505565562765115828e+03 9.133249780161776243e-01 4212 33808 16528 42134
-3.314693323147248520e+02 -2.504805455726716445e+03 8.589388623899338882e-01 4096 32843 13093 43661
-3.325827279542064048e+02 -2.503978727599484046e+03 1.253118469199951401e-01 3524 28115 15598 35415
-3.334836135564790993e+02 -2.503283188407287525e+03 5.710497768362100546e-01 3739 30689 15291 40487
-3.344687712291341199e+02 -2.502518994735749402e+03 1.981308693365985696e-01 3624 29821 15088 39313
-3.354450822888393304e+02 -2.501785832732797189e+03 9.547745717096818574e-02 3589 29689 18051 39042
-3.363124075388573146e+02 -2.501208440494523074e+03 2.310583201886333704e-01 4284 34428 20264 46685
-3.372105299524072279e+02 -2.500602181706219199e+03 2.348916002324590580e-01 4584 37197 18038 51749
-3.382436575211149261e+02 -2.499951785753564764e+03 5.112605475883725825e-01 4222 35816 21974 48168
-3.391083188356170695e+02 -2.499471687848052625e+03 9.909251454227785416e-01 5010 40783 24486 56989
-3.400057534793228342e+02 -2.498924919033889637e+03 4.168158688304746673e-01 5407 45772 22000 64503
-3.410558926910202331e+02 -2.498311795036585863e+03 9.455453922754593066e-01 5036 42524 25480 58810
-3.419465213105654584e+02 -2.497831062962984106e+03 1.372547889961021339e-01 5691 48040 22078 2220
-3.430276253956381538e+02 -2.497212833689186937e+03 9.844411170183603454e-01 5371 44706 16262 61078
-3.442285434067835013e+02 -2.496519387081427340e+03 3.500925058197904560e-01 4421 36783 14861 47283
-3.453198665529462801e+02 -2.495947553332315238e+03 2.536754922800391401e-02 4111 35180 23593 44349
-3.460884314193924638e+02 -2.495588894349719340e+03 6.218877552496304695e-02 5065 44006 20742 61819
-3.471483725354736976e+02 -2.495086694791149057e+03 7.275121738046108621e-01 5102 43126 20147 58123
-3.481865050565016304e+02 -2.494601347411099141e+03 8.200708200638100465e-01 4583 39441 13461 53844
-3.494119915837963504e+02 -2.494100146083141226e+03 6.279586034670460171e-01 3426 28795 13346 36559
-3.504161186952281923e+02 -2.493736205210457229e+03 9.951714326689479195e-01 3206 27650 14030 35253
-3.513738903735465442e+02 -2.493349888510076653e+03 3.612652911034616166e-01 3324 28698 14837 36959
-3.523258907241074098e+02 -2.493007132176864161e+03 2.868808411015872917e-01 3260 28744 18817 37898
-3.531514164625143053e+02 -2.492712202111292754e+03 1.105321801100735968e-01 3799 33142 21470 46104
-3.540049798434046693e+02 -2.492413497077365264e+03 9.532081185844829552e-01 4531 39901 19813 55644
-3.550256663183720320e+02 -2.492021346099629227e+03 1.621461663015862920e-01 4582 39486 16850 53547
-3.561209934799630901e+02 -2.491625903827221009e+03 3.188845884299031930e-01 4044 36261 12691 47336
-3.572984425876526302e+02 -2.491185780932357375e+03 9.005779406070458792e-01 3213 29226 12058 36130
-3.583491978055834011e+02 -2.490825214402978872e+03 8.004553348259786372e-01 2817 24877 12341 31215
-3.593127684769477241e+02 -2.490497662865438542e+03 7.527733280508231983e-01 2807 24215 13066 30787
-3.602397118273688079e+02 -2.490170323085675591e+03 6.449339655056077758e-01 2798 25155 14753 32445
-3.611268044999710582e+02 -2.489883401237885664e+03 2.707492958410919193e-01 2989 26454 11409 35433
-3.621949954085168883e+02 -2.489490368634073093e+03 2.716212897923218073e-01 2605 23110 15804 28722
-3.629831614134240567e+02 -2.489268081522708599e+03 6.693514821039603380e-01 3232 28577 16245 38548
-3.639062414334221103e+02 -2.488927322676185213e+03 8.106423178749457836e-01 3753 31510 26488 42011
-3.645645672215021023e+02 -2.488676650334205988e+03 6.554687250879922544e-01 4915 41277 28431 61986
-3.654132028070674210e+02 -2.488316220527397036e+03 4.275941980272895404e-01 5344 45648 23225 2735
-3.664660173532532781e+02 -2.487816651808356255e+03 1.682954662483382435e-01 5263 45064 28537 62564
-3.673181663721002224e+02 -2.487461681387585031e+03 5.511950087701109613e-01 6367 54561 31805 11821
-3.682379850145445062e+02 -2.487077952499334060e+03 5.095594736973281247e-01 7205 62621 37596 23149
-3.691315472429627107e+02 -2.486678620145830791e+03 2.734371882089325217e-02 8108 2570 30431 34380
-3.702716487686773235e+02 -2.486161111273579991e+03 3.919020660626930663e-01 7496 167 17537 24862
-3.717026900815257591e+02 -2.485501698344671240e+03 4.640420724766869398e-02 5724 50745 17538 62609
-3.728752613620339389e+02 -2.485026510706039517e+03 7.336662019074301488e-01 5344 47071 21221 58823
-3.738879272427799947e+02 -2.484649390015142671e+03 2.624916835297146922e-01 5490 48705 20744 64195
-3.749729164860507353e+02 -2.484185407835454043e+03 9.256117232379379445e-01 5525 47368 21792 62350
-3.760066067248463355e+02 -2.483713153482246071e+03 2.051526282046448046e-01 5439 47299 29577 63347
-3.768414742712693624e+02 -2.483320512723601496e+03 8.176741098570251554e-01 6671 55986 39388 14246
-3.776223985518036557e+02 -2.482946905690479070e+03 5.141983255695421473e-01 7978 2205 26947 35832
-3.788599363125279069e+02 -2.482209224943002482e+03 2.275514649596140637e-01 7256 62185 17744 17796
-3.802242534568370047e+02 -2.481452181182455206e+03 7.001415447535023207e-01 5698 48569 17910 60611
-3.813627217790028681e+02 -2.480872549469234400e+03 3.216190324880627838e-01 5089 42863 23247 55007
-3.822724404131224674e+02 -2.480473692535601913e+03 2.768164022863683349e-01 5685 49330 24957 1264
-3.832619275031962047e+02 -2.480025299521231318e+03 5.275316013158675155e-01 5712 48549 23365 2181
-3.843051724381465419e+02 -2.479542148887481744e+03 6.093016363630354704e-01 5454 47247 20507 64823
-3.854040413716361400e+02 -2.479062068267094674e+03 6.310570206334176202e-02 5126 44143 21667 58942
-3.864045382445687551e+02 -2.478614042243898894e+03 7.978376913830951267e-01 5694 48964 29927 64793
-3.872460598558269567e+02 -2.478224252920634171e+03 7.697930027148051080e-01 6664 56196 27763 14851
-3.882909726684363250e+02 -2.477706727968921768e+03 2.083227518728329175e-01 6194 53079 13353 9555
-3.897427966388198115e+02 -2.477041427049682170e+03 6.385302256716229863e-01 3930 34025 15269 41573
-3.907437200072879477e+02 -2.476579014501601705e+03 7.339593270423037108e-01 3890 32893 16255 42366
-3.917194234355205822e+02 -2.476165824532008173e+03 6.593206546128129730e-01 3715 31972 15605 42509
-3.927206411042725449e+02 -2.475756933382586340e+03 5.619271885506165187e-01 3314 29664 14937 39491
-3.937051253559255315e+02 -2.475398597490582688e+03 6.101341341353396786e-01 3269 27969 13872 37228
-3.946981777884633402e+02 -2.475025815232448622e+03 3.839765602801934463e-01 3308 29481 14317 37578
-3.956790038164812700e+02 -2.474658183307350555e+03 6.935428756643895465e-01 3177 29180 15570 37773
-3.966154882975041573e+02 -2.474382258199535499e+03 7.952013032198408382e-01 3246 29003 17879 38819
-3.974854639814679444e+02 -2.474094431028849613e+03 6.215370517162592812e-01 3703 32261 18870 44370
-3.983982642700048586e+02 -2.473775129598635885e+03 9.385386921437823826e-01 4142 35467 27489 48606
-3.991164497433538259e+02 -2.473524166791758034e+03 1.640551596635830833e-01 5016 43503 22231 65183
-4.001667934146610719e+02 -2.473135257221300890e+03 1.875500805056453182e-02 4641 40008 20353 56507
-4.011802941413517942e+02 -2.472762857222508956e+03 4.280024728601658501e-01 4773 41536 12433 56073
-4.024733554930848527e+02 -2.472234582228547879e+03 7.134887747683276160e-01 3697 33310 13209 39965
-4.035317298483645345e+02 -2.471860465064558866e+03 4.229579744858713575e-02 3430 30496 10176 37998
-4.046924551647720705e+02 -2.471467820325119646e+03 5.715964229498413651e-01 2755 25309 14728 29730
-4.055371941153405260e+02 -2.471230460646411302e+03 6.438946128165917715e-02 3319 29152 15462 38064
-4.064818412543716590e+02 -2.470973942790175442e+03 8.104573020366245828e-01 3256 28874 20730 38561
-4.072559289899605233e+02 -2.470803876245348874e+03 9.486397866533191614e-01 3667 33683 23024 48699
-4.080964579558228138e+02 -2.470592129216336616e+03 3.750295759011154084e-01 4146 37360 19730 54683
-4.091087139671026875e+02 -2.470312622412323435e+03 5.559947946849088662e-01 3899 34967 19577 48959
-4.100572356190656365e+02 -2.470061495597829435e+03 3.046393149965949121e-01 3873 35932 14200 49744
-4.112045371304173500e+02 -2.469727066851670770e+03 8.839018455154068477e-02 3689 32678 16425 41082
-4.121566567550793252e+02 -2.469465235419016608e+03 5.319693836774896933e-01 3477 32441 16135 43058
-4.131459817813429822e+02 -2.469178532176405497e+03 6.351542521654252038e-01 3793 33788 17095 44076
-4.141148583512972436e+02 -2.468890386516430681e+03 9.355444063840023805e-02 4042 35723 16145 47076
-4.151562287401776530e+02 -2.468541761992352804e+03 9.745063493897671014e-01 3892 34509 18274 44906
-4.160957900621119734e+02 -2.468255377403416787e+03 9.824087678523887313e-01 4138 36125 19787 48628
-4.170334895277487135e+02 -2.467951989068256808e+03 4.229898687708097960e-01 4448 38335 17900 52379
-4.180788071153536407e+02 -2.467627867617916763e+03 4.789367921324405586e-01 4189 37831 20666 50004
-4.190059160929677091e+02 -2.467372293264494601e+03 7.048350728855723446e-02 4457 41225 24968 56133
-4.198803870847968938e+02 -2.467144358940223356e+03 2.567994634173889068e-01 5187 47026 26327 748
-4.208278597410881616e+02 -2.466851063781964513e+03 6.558935984902030114e-01 5215 47567 19876 2649
-4.219808221868951819e+02 -2.466491041495111858e+03 5.341825324591573665e-01 4550 40683 23833 54789
-4.228713603186598675e+02 -2.466245310112893549e+03 4.361649417652029292e-01 4726 42807 19451 60817
-4.239612133764954933e+02 -2.465918221031713529e+03 2.931172327389912624e-01 4281 38363 13077 52056
-4.251809780691218634e+02 -2.465571271074014476e+03 4.624994980560580005e-01 3259 29169 13060 36532
-4.261962247277784286e+02 -2.465295014813194030e+03 5.814466921732525106e-01 2890 26726 14323 34053
-4.271245370423428085e+02 -2.465039844263768828e+03 4.476570922827267651e-01 3152 27660 13560 36201
-4.281148689127504667e+02 -2.464765533749515271e+03 8.153686325281876979e-01 2906 25950 11886 33782
-4.291376401679640935e+02 -2.464486256965924895e+03 5.681342030932838849e-01 2698 24816 12237 30934
-4.301010763771723759e+02 -2.464220331575151249e+03 4.585268586990842721e-02 2577 23955 16258 30425
-4.309006614828467718e+02 -2.464052106420812379e+03 1.910925109918548692e-02 3287 29012 15208 39523
-4.318754478436721342e+02 -2.463777125113394504e+03 2.471869818330716395e-01 3060 28341 12424 37838
-4.329357693977330541e+02 -2.463519006479694326e+03 9.817473875021445195e-01 2591 23817 13614 30533
-4.338366900114020268e+02 -2.463279347480215620e+03 3.056738660290438947e-01 2760 25102 13059 32885
-4.347969810626158278e+02 -2.463042649663953853e+03 8.084143384316975212e-01 2705 24173 15498 31390
-4.356396261768914542e+02 -2.462837501798104768e+03 7.867163669298440354e-01 2982 26844 17246 36605
-4.364993489725320046e+02 -2.462608578135620519e+03 5.001072802903947512e-01 3300 30116 18155 41681
-4.373998420709592665e+02 -2.462362814769861870e+03 1.847665512918190422e-01 3665 33778 14760 46175
-4.384808429466474422e+02 -2.462067672126419893e+03 5.192423021063223842e-01 3579 31840 17096 40803
-4.394054845117038894e+02 -2.461832910809274836e+03 5.130347601786124923e-01 3612 32795 21396 44132
-4.402355872627504141e+02 -2.461622091231015474e+03 8.958558864959507151e-01 4012 36529 14185 52168
-4.414128257668089077e+02 -2.461262517844881586e+03 7.003093882015587468e-02 3070 26933 9216 35319
-4.425793274017356111e+02 -2.460858813263957927e+03 2.644573327903558813e-01 2404 21592 8774 25070
-4.436010784288205286e+02 -2.460555993849550305e+03 7.193524556251552626e-01 2115 18941 10789 21925
-4.444715918495736560e+02 -2.460341869473503266e+03 1.230360411746991289e-01 2410 21371 12336 26326
-4.453543730859582297e+02 -2.460112932761550837e+03 3.002309376201290902e-01 2499 22850 14368 29467
-4.462085666857063302e+02 -2.459920960766910866e+03 5.125584446460322852e-01 2746 24768 14575 33375
-4.471168398997741065e+02 -2.459700869336000778e+03 7.383829360159146482e-01 2685 24197 18284 32989
-4.478867948966455970e+02 -2.459524385325240473e+03 4.636632258962798403e-01 3230 29290 20613 41799
-4.487096082950292271e+02 -2.459317697713574489e+03 5.109906358107493274e-01 3708 33399 20764 48311
-4.496127286696641931e+02 -2.459063476023130534e+03 9.594762675178314382e-01 4198 36155 22626 51152
-4.504948909253488409e+02 -2.458839003761168897e+03 6.693646974729767773e-01 4341 38988 27563 55870
-4.512978614500555636e+02 -2.458619880758585168e+03 3.711273814537199289e-01 5560 48453 26777 4678
-4.522729051050537237e+02 -2.458321740101023352e+03 1.039444542178116632e-01 5590 50964 28423 6413
-4.532228819085949567e+02 -2.458022045396838621e+03 9.420261822606205981e-02 6201 55381 25367 12507
-4.543093919985092839e+02 -2.457649950173738034e+03 3.203457701273010327e-01 5808 51579 19768 5604
-4.554949652286891819e+02 -2.457221488219633102e+03 9.595993518105168374e-02 5856 49346 14545 63336
-4.567834773569942968e+02 -2.456680729923915351e+03 4.988943853690236407e-01 4110 35659 20233 44522
-4.576545614044380841e+02 -2.456296427247641077e+03 3.458948717147691809e-01 4645 39232 18610 53732
-4.586921011984810548e+02 -2.455800434483624031e+03 1.900204131535597196e-01 4403 39099 21185 51980
-4.596271889462947797e+02 -2.455442667420981252e+03 5.605435470609647641e-01 4617 40199 21124 55625
-4.606068128883004533e+02 -2.455101930691756024e+03 8.541306990054549075e-01 4644 40929 22635 56306
-4.615491167697853712e+02 -2.454750863641786964e+03 9.247153459729189340e-01 4808 41995 24984 58879
-4.624539627711972116e+02 -2.454467715129173484e+03 8.255047575792759940e-01 5344 46189 35000 65419
-4.631867861011709238e+02 -2.454249311763823243e+03 9.688546783210729707e-01 6323 55535 40043 19281
-4.639991585553115101e+02 -2.453970281595888082e+03 5.856431895417113509e-02 7593 65282 27548 34052
-4.652077635770629058e+02 -2.453510206895964529e+03 1.734832874795628754e-01 6568 57055 25166 13293
-4.663068626156566552e+02 -2.453110246375842962e+03 4.568502981028774168e-01 5987 51970 34548 5859
-4.671091863685353474e+02 -2.452796809424678486e+03 2.085525326336217233e-01 7140 61453 29685 24687
-4.681906358478604488e+02 -2.452363051378757518e+03 3.835832345374308172e-01 6882 60602 29860 18973
-4.692198279568758039e+02 -2.451940540973263523e+03 4.194411062223597497e-01 6957 60251 33658 18801
-4.701599544521764642e+02 -2.451588439583701074e+03 3.682722894113216183e-01 6977 60752 31168 23177
-4.711936705500636435e+02 -2.451222714792870192e+03 8.350196128418936325e-01 6907 60592 28360 20463
-4.722724316096330313e+02 -2.450817371665176779e+03 4.399951644731532330e-01 7047 62331 27947 19382
-4.733523401167562952e+02 -2.450430147125935036e+03 8.121986378035879195e-01 6664 59015 32204 15659
-4.742976270349563492e+02 -2.450083248352893861e+03 4.856799868368444351e-02 7547 64932 21191 25815
-4.756184293492808024e+02 -2.449581421842997770e+03 1.747395886619207417e-03 6110 53179 20822 3134
-4.767466581872596407e+02 -2.449148667559890782e+03 8.893877578312192611e-01 5950 50616 27695 118
-4.776522716248617826e+02 -2.448771426958121083e+03 4.177012087924807104e-02 6462 54873 22032 11315
-4.788223117110273392e+02 -2.448220448998903066e+03 8.003526390592075046e-02 5787 48038 18451 64305
-4.799819029457698321e+02 -2.447689684947938531e+03 7.982761210049260647e-02 5292 45715 23347 58408
-4.809272670318291034e+02 -2.447329877853092512e+03 3.741385481312629047e-01 5476 47016 22534 64628
-4.819629532896375395e+02 -2.446879463142185159e+03 2.356098340372528299e-01 5344 46821 26472 63610
-4.828789216060262675e+02 -2.446501263032743282e+03 3.230501416646038848e-01 5915 50790 28034 5950
-4.838341768710579913e+02 -2.446098084348393968e+03 5.976560134389654610e-01 6245 54119 34442 10822
-4.846858505759352624e+02 -2.445795118778685719e+03 5.805775582663663670e-01 6940 58924 31733 22050
-4.856970427886448078e+02 -2.445373497795983440e+03 4.697980060967965055e-01 6813 58688 20476 19102
-4.869837328798564613e+02 -2.444782908173075612e+03 6.109067819718982939e-01 5554 47996 19503 62773
-4.880928535916590931e+02 -2.444292418316594194e+03 3.451420934493144577e-01 5012 43646 16379 57432
-4.892494605415796514e+02 -2.443727505372558880e+03 6.675518402864571987e-01 4503 38206 18129 48809
-4.902436249916540305e+02 -2.443327662275473813e+03 9.645874156630930285e-01 4335 38325 17158 50673
-4.912938695990838482e+02 -2.442917668278973451e+03 3.508961994838124543e-01 4539 39264 15189 50628
-4.924144074222932090e+02 -2.442524478698511757e+03 7.072718965298966376e-01 3870 34884 12703 44310
-4.935522854508247406e+02 -2.442162168480203945e+03 6.613761613861823818e-02 3350 28757 15032 35777
-4.944795606492667730e+02 -2.441842278957201415e+03 4.293516724507497884e-01 3227 28788 13551 38070
-4.954974339875069518e+02 -2.441545915253159819e+03 4.482055897679940171e-02 2785 25337 12156 33147
-4.964990342744202394e+02 -2.441265850061251513e+03 8.721446727160661050e-01 2693 23733 11036 30132
-4.975011909810091879e+02 -2.441016487667212459e+03 1.487592306004312803e-01 2561 22900 13304 28084
-4.983742674985460894e+02 -2.440789119686655340e+03 7.493413426194789340e-01 2749 24691 12234 32261
-4.993588205257088362e+02 -2.440506545622239173e+03 3.278786651552501041e-01 2579 22554 11302 28994
-5.003307116333430145e+02 -2.440179389969758631e+03 4.348244833993870628e-01 2295 20519 12243 26071
-5.012129702068995698e+02 -2.439929757338252784e+03 3.081606955672882009e-01 2381 21565 15237 28121
-5.020120086988353023e+02 -2.439681372493890649e+03 5.221155630397988912e-01 2894 26187 13061 35668
-5.030144566478650745e+02 -2.439339355267650717e+03 5.326125476211676091e-01 2589 24103 13514 31372
-5.039327541985144876e+02 -2.439088891100689580e+03 9.242570192867464174e-01 2805 25279 14650 33037
-5.048329559786940877e+02 -2.438839570483986336e+03 4.102611711228228430e-01 2944 26487 15809 35372
-5.057254813056835587e+02 -2.438580406385998685e+03 6.647970744298562495e-01 3291 29234 17694 39225
-5.066074924809014419e+02 -2.438328724603084083e+03 7.553820656034223591e-01 3552 31710 19889 43647
-5.074778724746736316e+02 -2.438080437225624337e+03 7.695015690693096655e-01 4055 34965 19567 49154
-5.084291315892329521e+02 -2.437774322834447048e+03 3.233519488346348614e-01 4152 36715 26541 50539
-5.091956554782503872e+02 -2.437571229502527785e+03 4.128367664685965721e-01 4932 43626 27988 64368
-5.100805381046668003e+02 -2.437338314782968610e+03 4.551144845880714662e-01 5218 46076 19847 2787
-5.112358030573309406e+02 -2.437000977230361059e+03 9.002727470886366934e-01 4693 42699 20421 56787
-5.122503522403122815e+02 -2.436721587115100192e+03 3.756157587445975166e-01 4404 40273 22443 54918
-5.131823631949881701e+02 -2.436476722206918566e+03 3.540549946044936336e-01 4683 41110 25480 57854
-5.140623640603671447e+02 -2.436239421636110819e+03 3.202362575850042914e-02 4765 43099 25286 62762
-5.150010070371331494e+02 -2.436014171448412526e+03 3.999471766146991403e-01 4755 43518 17671 62994
-5.161731067507289481e+02 -2.435684557907477938e+03 1.998296700098312062e-02 4293 38473 17813 50346
-5.171968747583782715e+02 -2.435423895547248776e+03 5.843436497848303324e-01 4191 37434 16987 49469
-5.182383380409771689e+02 -2.435134830900057295e+03 3.014379707660697627e-01 3690 33896 19078 45062
-5.191534075009923299e+02 -2.434865623647505345e+03 2.555778432090735630e-01 4217 37277 17364 50615
-5.201958175609627233e+02 -2.434581227707973994e+03 4.960257254249951231e-01 3881 35672 18453 47243
-5.211594923619803694e+02 -2.434332870294129862e+03 6.196223019028268553e-01 3978 35951 18930 48702
-5.221257679522283297e+02 -2.434097293639826603e+03 5.912222334379740873e-01 4097 37980 23351 51146
-5.229869162591817258e+02 -2.433926624182273372e+03 3.775592421362365947e-01 4641 42179 26732 59729
-5.238544777218439776e+02 -2.433734367096724782e+03 2.512399717519144815e-01 4932 45428 22668 775
-5.249035843451376877e+02 -2.433459191514604754e+03 6.247545393282564197e-01 5149 46511 28840 63386
-5.257569082908296423e+02 -2.433283707204756865e+03 4.114676839438896616e-01 5770 52445 29885 10022
-5.267052888710363732e+02 -2.433056863287984015e+03 8.291578453496519785e-01 5717 52486 25385 11040
-5.277778452114000629e+02 -2.432817573681674276e+03 5.329476147538242392e-01 5511 50749 24383 4848
-5.288189112386679653e+02 -2.432576580357396779e+03 2.600224164445528174e-01 5301 48112 27510 1236
-5.297406673202732463e+02 -2.432367125093745926e+03 8.201162565028764506e-01 5649 51521 24246 7766
-5.308137491001842818e+02 -2.432119558115760810e+03 1.369859551755839289e-01 5079 49153 24397 2125
-5.318273692106821500e+02 -2.431908862710881749e+03 6.581190310613602712e-01 5063 46270 14641 64868
-5.331282255444425573e+02 -2.431602384007026103e+03 8.569351313053461539e-01 3659 33891 14662 42772
-5.341682188481462390e+02 -2.431364758344087022e+03 5.144337268952547948e-02 3647 33089 18072 41985
-5.350756407789226614e+02 -2.431166320896521029e+03 1.622833526256967085e-01 3970 35780 25148 48129
-5.358495663768756003e+02 -2.431001822864042424e+03 9.894696996446699089e-01 5041 45242 29592 64631
-5.366974996198974850e+02 -2.430778174403028970e+03 7.757217999847292322e-01 5712 50311 35972 8630
-5.374959971556210121e+02 -2.430586211544490652e+03 8.775719130317218841e-01 7206 64376 51244 29134
-5.381934120736710838e+02 -2.430414804954249121e+03 9.133550383701024566e-01 9048 15978 575 61501
-5.389067468646109091e+02 -2.430234757718202673e+03 1.214449041027959586e-01 11353 34855 17452 29622
-5.396160063938731355e+02 -2.430031109800696413e+03 7.912180827450521203e-01 13927 57944 44754 4151
-5.410321445402495328e+02 -2.429585077677761547e+03 3.164224057260143774e-01 12194 43170 43822 16618
-5.422056984553751136e+02 -2.429226935992443941e+03 5.931135497603250428e-01 11524 33983 25752 6556
-5.437158035741539379e+02 -2.428697331176671469e+03 8.653122133361264012e-01 8346 6880 23375 26908
-5.449810382588677840e+02 -2.428213373103820231e+03 9.150810691889691428e-01 6980 59430 18592 11516
-5.462607186685972920e+02 -2.427680602207607080e+03 2.708617198867153686e-01 4997 43311 15717 56104
-5.474262174004805956e+02 -2.427168380143846662e+03 2.028886902001580950e-01 4627 39693 15667 49652
-5.485171537949811409e+02 -2.426706683800600786e+03 9.829230132542510212e-01 4315 37140 24574 47074
-5.492934913414941320e+02 -2.426398756282193972e+03 7.310527024763819881e-01 5148 44597 27750 63416
-5.501744317770103407e+02 -2.426038552117118797e+03 4.879799853826615186e-01 5613 48981 28623 5426
-5.511098526121783152e+02 -2.425615092699828892e+03 8.232316031482047602e-01 6299 52401 22833 9679
-5.522411811616452724e+02 -2.425089340285617254e+03 8.666346994491780364e-01 6168 52778 27511 4287
-5.531934486493851182e+02 -2.424714902507247643e+03 3.428432202623403480e-02 6526 56362 18532 12611
-5.544851417208317343e+02 -2.424154348653752095e+03 4.484798241555071896e-01 5320 45793 19465 58547
-5.555496812085582405e+02 -2.423743536836951534e+03 9.562587793747813203e-01 5050 43668 22067 57375
-5.565207835491569313e+02 -2.423409326502047406e+03 6.674303840014770284e-01 5455 46141 29297 62403
-5.573524789183318262e+02 -2.423125042446695261e+03 5.743573328405338074e-02 5777 51217 29903 9199
-5.582927177422888008e+02 -2.422809802061658047e+03 7.431175706292683092e-01 6489 56166 28420 14803
-5.593206626721340626e+02 -2.422450579737791486e+03 7.496175852385468241e-01 6221 53912 23761 11049
-5.604381640527278705e+02 -2.422072791144535586e+03 8.431373853580738098e-01 5620 48800 21757 1240
-5.615189255710230327e+02 -2.421721805013723497e+03 4.377997078403194076e-01 5425 45937 20708 61946
-5.625812756528857790e+02 -2.421376111302513891e+03 3.387402800510450618e-01 4749 42187 19783 57110
-5.636195762626090300e+02 -2.421055152301677026e+03 3.660148940914697002e-01 4516 38869 22828 52903
-5.645167929328691798e+02 -2.420768314980802188e+03 1.981457145953626764e-01 4648 40077 21212 57190
-5.655115126345415320e+02 -2.420441443925680232e+03 9.775936164972962583e-01 4547 39795 14901 55276
-5.666978175680801542e+02 -2.420081745380516622e+03 3.581717868297042973e-01 3949 34713 21331 43794
-5.675254184264846344e+02 -2.419857924880570863e+03 8.935105840320618498e-01 4772 40867 33370 56481
-5.681971939972218024e+02 -2.419683184404070744e+03 7.055126275058781760e-01 6216 53053 33899 15114
-5.690997012822505212e+02 -2.419392357653292038e+03 2.992444895674113980e-01 6596 57138 35633 19749
-5.700052870376284773e+02 -2.419077668231704592e+03 2.129311713778340165e-01 7059 62404 26052 26754
-5.711955943158372975e+02 -2.418660870943375812e+03 7.669405340145969419e-01 6773 59030 25686 13767
-5.722849437902455065e+02 -2.418298978602674651e+03 3.627494794738228556e-01 6770 60476 23788 14837
-5.734360907904100486e+02 -2.417937946894103334e+03 6.020441677958308091e-01 6184 54818 21812 7330
-5.745752582218389080e+02 -2.417602565457714718e+03 5.797765893263997494e-01 5968 52776 20893 3327
-5.757032243419849920e+02 -2.417270789035644157e+03 9.539043369228210612e-01 5320 47937 25306 63067
-5.766445520100785416e+02 -2.417039551613683216e+03 6.157857692559254303e-01 5378 49358 20564 3311
-5.777825253525078324e+02 -2.416771743872262959e+03 8.079722454633121442e-01 5160 46562 18813 61362
-5.788989954164567280e+02 -2.416512745809083754e+03 2.801604492143022762e-01 4888 45151 18183 58231
-5.800021224490981240e+02 -2.416263252447897685e+03 3.725660855785144498e-01 4508 42290 23006 54651
-5.809146565051867128e+02 -2.416090374554384653e+03 9.239146130659250389e-01 4817 44544 23607 61748
-5.818890424237954448e+02 -2.415875611495697285e+03 9.734664619741906222e-01 4854 43816 18699 61630
-5.830121419098854858e+02 -2.415618414923006185e+03 1.201235840077208433e-01 4494 40568 17463 53478
-5.840853653614877885e+02 -2.415373951438547920e+03 2.363558050298744662e-01 4089 36908 20094 48679
-5.850139767445118650e+02 -2.415164569075327563e+03 2.109282691640586016e-01 4388 38272 27473 52622
-5.857814160466411977e+02 -2.414985019975871182e+03 1.722602120944463078e-01 5254 47410 31784 3548
-5.866227684304765262e+02 -2.414795174113324720e+03 9.215668123340714502e-01 5875 53052 34108 13536
-5.875065411875024211e+02 -2.414572908630949314e+03 9.355450081777623161e-01 6407 57683 25364 20440
-5.886629741257054320e+02 -2.414241199027051152e+03 7.443863307803066931e-01 5528 50162 26171 4179
-5.896490085911159440e+02 -2.414002038530468326e+03 1.831800732204882098e-01 5945 53447 16586 8315
-5.909674651114888775e+02 -2.413671626967770408e+03 7.669324532271497574e-01 4077 37328 14356 48180
-5.920893370865568386e+02 -2.413414532147769023e+03 6.096721216635891949e-02 3336 30856 12703 39492
-5.931616611353523467e+02 -2.413169033753298208e+03 8.722991128942112482e-01 2754 26292 13271 33257
-5.941191533383837395e+02 -2.412975705529180232e+03 3.958535306986131208e-01 2597 25048 10613 32553
-5.951786010860109855e+02 -2.412742183002598722e+03 1.234265333688178146e-02 2551 22530 15168 27406
-5.959681706707665398e+02 -2.412597087796690175e+03 7.268796612790127953e-02 2932 27151 14686 36579
-5.969203356066722108e+02 -2.412424672381633172e+03 9.139586652067324124e-01 3082 28163 16021 37008
-5.978292919543517883e+02 -2.412238884562917519e+03 8.187975948410692872e-01 3421 30994 21798 41286
-5.986090042101544668e+02 -2.412087954942765464e+03 8.114444819657916641e-01 4103 36351 27593 52362
-5.993702885889260870e+02 -2.411889345584875173e+03 7.729602733888323307e-01 5003 44743 32374 993
-6.001724450841978751e+02 -2.411687556525203490e+03 9.690881254012109203e-01 6106 54444 29091 15551
-6.011904347058202802e+02 -2.411443298103944016e+03 3.039331906279727491e-01 6517 59100 30910 16917
-6.021767735363322345e+02 -2.411196548648114913e+03 7.330344319416530752e-01 7027 65253 33307 24839
-6.031754398616113804e+02 -2.410939275536461537e+03 4.435044481196914745e-03 7322 1634 28301 29151
-6.043269409602979749e+02 -2.410672227457840108e+03 1.531255539128474896e-01 6854 61858 28991 18889
-6.053765751567169673e+02 -2.410427315458849534e+03 9.420651361606005025e-01 6818 63507 26177 21192
-6.065176456613747860e+02 -2.410189676526309540e+03 9.100918820486683103e-01 6088 56955 18574 11861
-6.078010913842346099e+02 -2.409922937367947270e+03 1.973028536214870843e-01 5155 48318 20009 61213
-6.088774271112087035e+02 -2.409718133391897936e+03 6.376711673056538743e-01 4630 43399 23950 57643
-6.097971662373312256e+02 -2.409550329574280568e+03 1.566578725283440665e-01 4932 46628 20819 64794
-6.108860737469032074e+02 -2.409353318308943017e+03 5.658340225339223428e-01 4839 44494 17958 59575
-6.120116226594858517e+02 -2.409146788172500692e+03 3.991191943170817602e-01 4258 40682 15370 52846
-6.131520443537235678e+02 -2.408972083677506816e+03 5.896482397866852354e-01 3272 31976 18216 41589
-6.140492358944527496e+02 -2.408847966406116029e+03 1.952156982787602302e-01 3514 33254 13599 45727
-6.151694471961554882e+02 -2.408669920670321517e+03 2.544149665638592572e-01 3114 29756 17516 37627
-6.160347324227321906e+02 -2.408556177940300131e+03 5.096749443489163589e-01 3733 36195 20470 47992
-6.169429702889232203e+02 -2.408398924722588163e+03 3.880181061490257655e-01 4226 39987 30856 54737
-6.176522361265132304e+02 -2.408292626048343209e+03 1.519450348758634439e-01 5728 53680 39440 13270
-6.184233422309430352e+02 -2.408144288815778054e+03 5.840549471559342010e-02 7193 367 55811 34061
-6.190889110492638565e+02 -2.408019018106312615e+03 3.459590572905106853e-01 9358 18640 6115 3213
-6.197780809809108860e+02 -2.407868697489358965e+03 5.186598117958178822e-01 12128 43504 25651 43846
-6.204755943785928594e+02 -2.407696373449194198e+03 3.892039196876579954e-01 15898 10769 10006 30654
-6.215640559109483547e+02 -2.407398857481111008e+03 8.253656221516800784e-01 17796 26562 12355 30812
-6.226265384410868364e+02 -2.407092187769539578e+03 8.090121958752667375e-01 19928 46719 44418 53332
-6.242406276294303780e+02 -2.406576200595513455e+03 1.056422603679634115e-01 16892 16645 25472 55303
-6.260113549437805887e+02 -2.405994421139500446e+03 8.266399252126805930e-01 11522 36738 26094 56351
-6.274147359042514154e+02 -2.405536518236390748e+03 9.291472815851216094e-01 9284 16569 36737 36935
-6.284343879763140421e+02 -2.405207444533862144e+03 7.676124039585997538e-01 9616 17698 48026 48622
-6.293278401921877503e+02 -2.404918584450080289e+03 9.548950385470796887e-01 10297 25503 2601 2227
-6.300541582205062241e+02 -2.404699618467732307e+03 7.832392382913915263e-01 11977 40212 52564 37036
-6.311891668907284156e+02 -2.404351752914902136e+03 6.804020822371994459e-01 11772 37978 55162 19246
-6.321912143727623743e+02 -2.404021081711298393e+03 7.931371827626704230e-01 12823 46720 34742 30555
-6.336184315600377204e+02 -2.403511482354157579e+03 2.585588695897722555e-01 10848 29745 43733 58743
-6.346536855519563005e+02 -2.403153249566379600e+03 6.341577269900922076e-01 11714 36264 45344 8754
-6.357553164191427868e+02 -2.402764953694261749e+03 7.469183798438130406e-01 12104 41002 54495 15016
-6.367438759040151126e+02 -2.402409873558724030e+03 9.925982830659298983e-01 12958 48003 56906 31190
-6.377837317987409733e+02 -2.402057903303812964e+03 7.177147449009420033e-01 13394 51895 33267 37528
-6.392787188910566556e+02 -2.401520666888506184e+03 8.623715724368963276e-01 11206 34281 31661 61715
-6.405788080416654111e+02 -2.401088137947675023e+03 5.978933374135352308e-01 10619 27081 38180 53011
-6.416822916940180903e+02 -2.400693666165122067e+03 9.758342464811972095e-01 10293 25018 60869 57337
-6.424388381253909301e+02 -2.400422633475761359e+03 2.011856287680016120e-01 11901 36961 42770 26604
-6.436857397806002155e+02 -2.399919857367343866e+03 1.667462525986522781e-01 10392 23100 48358 60139
-6.446496795726540086e+02 -2.399548135579107111e+03 4.526177909765223273e-01 10705 26307 30353 3332
-6.460244857526187161e+02 -2.398988289351801996e+03 8.376971250487516008e-01 9104 11478 38107 36056
-6.470096314894095713e+02 -2.398616060330291020e+03 7.188435440900348139e-01 9376 16004 19036 48313
-6.485663531422292181e+02 -2.397975843177741808e+03 4.936193198386337189e-01 6734 59337 11224 7064
-6.500836153041440184e+02 -2.397275286101290931e+03 9.645708212889041455e-01 4530 39722 14278 45240
-6.511709560914655412e+02 -2.396805341727366795e+03 7.270048793662190478e-01 4104 35208 12751 43753
-6.522995011348982644e+02 -2.396346095608979795e+03 2.168717004017717831e-01 3285 28371 15557 35339
-6.532007591586946091e+02 -2.396017602863485536e+03 6.868153204627507336e-01 3482 30494 22854 40298
-6.539357286807546643e+02 -2.395761883471011970e+03 2.600363588302476714e-01 4616 38352 17121 55509
-6.550443616155317841e+02 -2.395236969568269615e+03 1.558271946035461042e-01 4444 36831 13809 48206
-6.561878312945163998e+02 -2.394677297701079624e+03 2.299789739174231684e-01 3682 31150 14834 39248
-6.571727766713768233e+02 -2.394281172305974906e+03 1.104964823855412587e-01 3205 28098 14176 37166
-6.581530794715788488e+02 -2.393879985631837826e+03 4.701686498097175093e-01 3112 26583 14236 35021
-6.590993809107013703e+02 -2.393490043540445640e+03 9.170828191092016413e-01 2957 25524 12321 34046
-6.601078538368880118e+02 -2.393027902456030006e+03 9.653612878407416553e-02 2812 23378 13851 30007
-6.609909322876463875e+02 -2.392631261341158279e+03 6.351277606164300593e-01 2771 22805 15202 30840
-6.618357805352171681e+02 -2.392148997578618946e+03 6.421734146410993382e-01 3028 25266 11940 34713
-6.628703926571084821e+02 -2.391557664415156069e+03 2.848903012933430290e-01 2563 21191 7090 27437
-6.640191724169021654e+02 -2.390951438072042038e+03 7.370825218685368545e-03 1741 14363 4168 15748
-6.651170830082630800e+02 -2.390362251769798604e+03 4.563320026744266955e-01 1105 9271 4393 7667
-6.660138099643390888e+02 -2.389994732494233176e+03 1.713399876269353361e-01 1133 9112 2549 7756
-6.670350377931420098e+02 -2.389547190164767017e+03 8.173383863674565930e-01 653 5426 624 2168
-6.680490986637015567e+02 -2.389097376246560088e+03 5.823405781758879129e-01 135 1101 0 0
